Loss: 0.9962434768676758
Perplexity: 2.7080896953676175
