Loss: 3.0079987049102783
Perplexity: 20.246839451663302
