Loss: 4.857714653015137
Perplexity: 128.72967371409433
