Loss: 4.800398826599121
Perplexity: 121.5588887704814
