Loss: 0.21429987251758575
Perplexity: 1.2389941393835098
