Loss: 0.33190470933914185
Perplexity: 1.393620043210162
