Loss: 0.360049307346344
Perplexity: 1.4334000899726032
