Loss: 1.072189450263977
Perplexity: 2.921769571211721
