Loss: 0.5542250275611877
Perplexity: 1.7405915514751824
