Loss: 3.089653491973877
Perplexity: 21.969464061071545
