Loss: 6.188921928405762
Perplexity: 487.32045657985145
