Loss: 6.172887802124023
Perplexity: 479.5690087556844
