Loss: 1.2838963270187378
Perplexity: 3.610680746549908
